[System]
Name='Cirfis'
Type='sugeno'
Version=2.0
NumInputs=5
NumOutputs=1
NumRules=32
AndMethod='prod'
OrMethod='probor'
ImpMethod='prod'
AggMethod='sum'
DefuzzMethod='wtaver'

[Input1]
Name='input1'
Range=[40 130]
NumMFs=2
MF1='in1mf1':'gaussmf',[38.2196689453333 40.0001145612806]
MF2='in1mf2':'gaussmf',[38.2183764197249 130.000503831308]

[Input2]
Name='input2'
Range=[0 99]
NumMFs=2
MF1='in2mf1':'gaussmf',[42.0399634362215 -0.000611043949302678]
MF2='in2mf2':'gaussmf',[42.041435438588 99.0000086865084]

[Input3]
Name='input3'
Range=[0 120]
NumMFs=2
MF1='in3mf1':'gaussmf',[50.9584826611825 -0.000347264512320856]
MF2='in3mf2':'gaussmf',[50.9592954589661 120.000008564977]

[Input4]
Name='input4'
Range=[31 100]
NumMFs=2
MF1='in4mf1':'gaussmf',[29.3038285232162 31.0008927177776]
MF2='in4mf2':'gaussmf',[29.3019241655093 99.9998104827008]

[Input5]
Name='input5'
Range=[0 30]
NumMFs=2
MF1='in5mf1':'gaussmf',[12.7393881011222 -0.000266142989845318]
MF2='in5mf2':'gaussmf',[12.7484813380801 29.9962450848727]

[Output1]
Name='output'
Range=[0 1]
NumMFs=32
MF1='out1mf1':'linear',[-0.00483808039835401 0.00240324898448599 0.00655133618381595 0.00856327104199216 -0.000397592136974586 -2.02621497692658e-05]
MF2='out1mf2':'linear',[-0.00444795331723425 -0.00387149969460048 -0.00117999863100286 -0.00115888532596618 -0.00142501930198518 -5.82382902229772e-05]
MF3='out1mf3':'linear',[0.00817904062932991 -6.76093308267685e-06 0.00787143982706597 0.00746349658850766 0.00119773169534807 0.000164878093126793]
MF4='out1mf4':'linear',[0.00581640697156149 -0.00223099951325762 0.00453213146616176 0.00465788670992917 0.000840523762758739 7.40825246396254e-05]
MF5='out1mf5':'linear',[-0.00544178373416827 -0.000826931104768827 -0.000669563002564318 0.0065207564379948 0.000324936285564321 -1.71785114604861e-05]
MF6='out1mf6':'linear',[-4.77812500911344e-05 0.000220906774957144 0.000760174965136006 0.00167978022864059 -0.000287236211893055 1.10565441498197e-07]
MF7='out1mf7':'linear',[0.00416360370461537 0.00706787904830162 0.00564565734067387 -0.00102239082826105 0.00141552182597037 6.70304882128496e-05]
MF8='out1mf8':'linear',[0.00495874899040785 0.00459020759044675 0.00683234230549673 0.0033477509253864 0.000689384923854263 7.00298075163204e-05]
MF9='out1mf9':'linear',[-0.00343249428732833 -0.00199801320446953 0.000794723120099389 0.00154981909998965 -0.00010752009593871 -2.14585184037061e-05]
MF10='out1mf10':'linear',[-0.00269193699334656 -0.000390877185897625 -0.000636120302085764 -0.00127967103987719 -0.000833770535136005 -3.07641402295372e-05]
MF11='out1mf11':'linear',[0.00405081117668118 0.00716912389941155 0.00171447874686073 0.0026540274014791 0.000664244010013487 6.62529857681377e-05]
MF12='out1mf12':'linear',[0.000723411302679019 0.00194683639786728 0.00220338909477378 0.00119581549547129 -0.000276336245808362 1.63029853368801e-05]
MF13='out1mf13':'linear',[-0.0018306338793254 -0.00114837863708573 0.0035795758285029 0.00253923093834526 0.000301059046365661 8.60546650069252e-06]
MF14='out1mf14':'linear',[-0.00103217188643414 -0.000845250682949106 -0.000804202879531695 0.00125159446225766 -0.000505020733664823 -5.82298802578102e-06]
MF15='out1mf15':'linear',[0.00371572867231684 -0.000398944377831194 0.00444186010944306 0.00269320894335154 0.000778040289865845 6.916280859381e-05]
MF16='out1mf16':'linear',[0.00181731325365966 -0.00253505199963107 -0.000241444053902308 -7.8366893050346e-05 -0.000105281053499179 2.53905017933464e-05]
MF17='out1mf17':'linear',[0.00209767336086576 -0.00168205758196457 0.0010031610679414 0.00224597458124345 0.00065260278741006 4.28797371882853e-06]
MF18='out1mf18':'linear',[-0.00179458204458076 -0.00385581017416957 -2.06420174168618e-05 -0.000482976642680779 -0.00153416226961113 -2.72557152238038e-05]
MF19='out1mf19':'linear',[0.00457456100175194 -0.00111618383891656 0.00229271301391752 0.00156611231818701 0.00107175087200296 5.59659129393592e-05]
MF20='out1mf20':'linear',[0.0065609650508048 -0.00372721204622975 0.00224237114395585 0.00409140154387577 0.00110193239152452 7.1472720359281e-05]
MF21='out1mf21':'linear',[-0.000184866413795024 0.00164526244428053 -0.00288872461449145 0.00150830574514261 0.000802694472510663 -1.86025949893215e-05]
MF22='out1mf22':'linear',[0.000245436235410472 0.00304736573568672 -0.000846117298024327 -0.000297796241686037 -0.000622908301457217 4.47713939402623e-06]
MF23='out1mf23':'linear',[0.0017297959670235 0.00759112028375056 0.0056299656550701 -0.00215707906172391 0.000675380960775976 2.7723578922587e-05]
MF24='out1mf24':'linear',[0.00118779463807379 0.00371501253046812 0.00522382638156982 -0.00101786038474922 -9.7062963292696e-05 1.98344863982879e-05]
MF25='out1mf25':'linear',[0.00118848300563934 0.00149500309812908 0.000475436894865362 0.000813889148567531 0.000300119915019122 1.65765160090789e-06]
MF26='out1mf26':'linear',[0.000248254484854194 0.00188232261858581 -0.00185665645602531 -0.00103914002882687 -0.000661379633725299 -1.11744607126045e-05]
MF27='out1mf27':'linear',[0.00583397473795557 0.00608105965394557 0.00233972771664291 0.00423418634888962 0.000848780317068006 5.9302214367119e-05]
MF28='out1mf28':'linear',[0.00320194706857001 0.00457859413346863 -0.00298422337071319 0.00183814487350386 -0.000347518429825618 1.9414968864523e-05]
MF29='out1mf29':'linear',[0.00166615905710506 -0.000391753233776167 -6.54512641232042e-05 0.00227069125290984 0.000595054132587906 5.31672621080756e-06]
MF30='out1mf30':'linear',[6.78601905353138e-05 -0.00187975540929256 0.000990256776766421 -0.00163410624010365 -0.000825402423488343 -6.84405159111624e-06]
MF31='out1mf31':'linear',[0.00681575171240859 0.000512994584222707 0.0051904478199726 0.00359197604211893 0.0011977014882613 6.87566368154081e-05]
MF32='out1mf32':'linear',[0.000675891554848502 0.000635583992729105 0.0061235796200165 0.00238952805024414 -0.000986884215063833 1.09444405167955e-05]

[Rules]
1 1 1 1 1, 1 (1) : 1
1 1 1 1 2, 2 (1) : 1
1 1 1 2 1, 3 (1) : 1
1 1 1 2 2, 4 (1) : 1
1 1 2 1 1, 5 (1) : 1
1 1 2 1 2, 6 (1) : 1
1 1 2 2 1, 7 (1) : 1
1 1 2 2 2, 8 (1) : 1
1 2 1 1 1, 9 (1) : 1
1 2 1 1 2, 10 (1) : 1
1 2 1 2 1, 11 (1) : 1
1 2 1 2 2, 12 (1) : 1
1 2 2 1 1, 13 (1) : 1
1 2 2 1 2, 14 (1) : 1
1 2 2 2 1, 15 (1) : 1
1 2 2 2 2, 16 (1) : 1
2 1 1 1 1, 17 (1) : 1
2 1 1 1 2, 18 (1) : 1
2 1 1 2 1, 19 (1) : 1
2 1 1 2 2, 20 (1) : 1
2 1 2 1 1, 21 (1) : 1
2 1 2 1 2, 22 (1) : 1
2 1 2 2 1, 23 (1) : 1
2 1 2 2 2, 24 (1) : 1
2 2 1 1 1, 25 (1) : 1
2 2 1 1 2, 26 (1) : 1
2 2 1 2 1, 27 (1) : 1
2 2 1 2 2, 28 (1) : 1
2 2 2 1 1, 29 (1) : 1
2 2 2 1 2, 30 (1) : 1
2 2 2 2 1, 31 (1) : 1
2 2 2 2 2, 32 (1) : 1
